2hsx-2hsx 
RMSD: 0.0
seqid: 100.0 
overlap: 100.0
weighted-RMSD: 0.0
2hsx-2gdt 
RMSD: 8.03033065902494e-15
seqid: 100.0 
overlap: 100.0
weighted-RMSD: 0.0
2gdt-2hsx 
RMSD: 4.270225198256317e-15
seqid: 100.0 
overlap: 100.0
weighted-RMSD: 0.0
2gdt-2gdt 
RMSD: 0.0
seqid: 100.0 
overlap: 100.0
weighted-RMSD: 0.0
