2kys-2kys 
RMSD: 0.0
seqid: 100.0 
overlap: 100.0
weighted-RMSD: 0.0
2kys-1ysy 
RMSD: 6.970312967733723
seqid: 100.0 
overlap: 100.0
weighted-RMSD: 6.97
1ysy-2kys 
RMSD: 6.970312967733723
seqid: 100.0 
overlap: 100.0
weighted-RMSD: 6.97
1ysy-1ysy 
RMSD: 0.0
seqid: 100.0 
overlap: 100.0
weighted-RMSD: 0.0
