6w4b-6w4b 
RMSD: 0.0
seqid: 100.0 
overlap: 100.0
weighted-RMSD: 0.0
6w4b-6wxd 
RMSD: 1.2175984015612604
seqid: 100.0 
overlap: 99.0909090909091
weighted-RMSD: 1.23
6wxd-6w4b 
RMSD: 1.2175984015612606
seqid: 100.0 
overlap: 99.0909090909091
weighted-RMSD: 1.23
6wxd-6wxd 
RMSD: 0.0
seqid: 100.0 
overlap: 100.0
weighted-RMSD: 0.0
