2ahm-2ahm 
RMSD: 0.0
seqid: 100.0 
overlap: 100.0
weighted-RMSD: 0.0
2ahm-5f22 
RMSD: 0.669987044850431
seqid: 98.64864864864865 
overlap: 92.40506329113924
weighted-RMSD: 0.73
5f22-2ahm 
RMSD: 0.6699870448504314
seqid: 98.64864864864865 
overlap: 92.40506329113924
weighted-RMSD: 0.73
5f22-5f22 
RMSD: 0.0
seqid: 100.0 
overlap: 100.0
weighted-RMSD: 0.0
