6zct-6zct 
RMSD: 0.0
seqid: 100.0 
overlap: 100.0
weighted-RMSD: 0.0
6zct-6zpe 
RMSD: 0.2710315046036141
seqid: 100.0 
overlap: 99.2
weighted-RMSD: 0.27
6zpe-6zct 
RMSD: 0.2710315046036141
seqid: 100.0 
overlap: 99.2
weighted-RMSD: 0.27
6zpe-6zpe 
RMSD: 0.0
seqid: 100.0 
overlap: 100.0
weighted-RMSD: 0.0
